0 0.955150 0.756631 0.045718 0.017204
0 0.877604 0.736738 0.087384 0.035484
0 0.893519 0.692294 0.043981 0.013262
0 0.783275 0.653943 0.028356 0.007527
0 0.756655 0.637455 0.010995 0.010394
0 0.916377 0.623118 0.046875 0.016129
0 0.788194 0.620251 0.028935 0.013262
0 0.073206 0.561290 0.031829 0.014337
0 0.224537 0.551075 0.079861 0.036918
0 0.903356 0.518817 0.043981 0.006093
0 0.833333 0.514875 0.068287 0.008244
0 0.859375 0.504480 0.013889 0.008961
0 0.841725 0.554122 0.316551 0.117563
0 0.950521 0.505018 0.098958 0.020789
0 0.192998 0.509319 0.232060 0.090323
0 0.163773 0.029749 0.138889 0.037993