0 0.895833 0.647441 0.017361 0.011536
0 0.971065 0.640050 0.006944 0.006128
0 0.802083 0.530461 0.006944 0.006849
0 0.621238 0.539654 0.221644 0.103821
0 0.316551 0.438717 0.048611 0.038933
0 0.841435 0.486121 0.317130 0.136626
0 0.891493 0.419971 0.034144 0.011536
0 0.774306 0.419611 0.008102 0.012257
0 0.219329 0.409517 0.092593 0.023071
0 0.903067 0.385725 0.036458 0.005047
0 0.796586 0.339942 0.032986 0.013699
0 0.101852 0.324982 0.012731 0.016222
0 0.749711 0.306417 0.039931 0.025234
0 0.814236 0.297945 0.079861 0.033526