0 0.300926 0.786450 0.003472 0.021395
0 0.291377 0.777734 0.006366 0.015055
0 0.264757 0.768225 0.009838 0.016640
0 0.199074 0.757528 0.005787 0.006339
0 0.278646 0.755151 0.022569 0.022187
0 0.706597 0.726624 0.008102 0.009509
0 0.739583 0.763471 0.153935 0.097464
0 0.251157 0.694929 0.013889 0.014263
0 0.269676 0.710380 0.023148 0.046751
0 0.189525 0.689382 0.006366 0.007924
0 0.236111 0.664422 0.008102 0.008716
0 0.302662 0.591521 0.012731 0.019810
0 0.283275 0.589144 0.006366 0.016640
0 0.206019 0.568938 0.005787 0.009509