0 0.250579 0.994503 0.005787 0.003665
0 0.157407 0.987174 0.005787 0.004581
0 0.127315 0.970454 0.008102 0.005039
0 0.170139 0.959001 0.019676 0.010536
0 0.265336 0.946404 0.020255 0.010078
0 0.237847 0.935410 0.006944 0.006413
0 0.211806 0.932891 0.005787 0.006871
0 0.170139 0.939991 0.034722 0.022904
0 0.256944 0.925103 0.010417 0.008704
0 0.024884 0.906093 0.017361 0.010078
0 0.142361 0.903344 0.003472 0.006413
0 0.040509 0.900825 0.008102 0.005039
0 0.181424 0.748511 0.004051 0.008246
0 0.243634 0.778745 0.149306 0.180486