0 0.121528 0.906848 0.026620 0.003828
0 0.403935 0.828584 0.016204 0.003615
0 0.330440 0.814441 0.006944 0.001276
0 0.294560 0.815770 0.037037 0.004147
0 0.260127 0.808752 0.049190 0.009039
0 0.301215 0.799075 0.008681 0.001170
0 0.574653 0.796576 0.054398 0.006168
0 0.793403 0.791738 0.011574 0.002446
0 0.676505 0.784081 0.009259 0.001595
0 0.703704 0.781423 0.023148 0.002871
0 0.692130 0.780891 0.012731 0.001808
0 0.789062 0.770683 0.006366 0.001595
0 0.771123 0.769088 0.006366 0.001170
0 0.732350 0.771161 0.139468 0.013186
0 0.749132 0.760527 0.173032 0.021693
0 0.262153 0.165727 0.074074 0.053488
0 0.035880 0.149192 0.069444 0.067205
0 0.178819 0.147650 0.175926 0.089430
0 0.106481 0.091344 0.017361 0.004892