0 0.193866 0.949872 0.010417 0.005867
0 0.242766 0.918878 0.004051 0.005102
0 0.315683 0.921301 0.014468 0.019133
0 0.202546 0.908673 0.009259 0.006633
0 0.676215 0.465944 0.015625 0.003316
0 0.663773 0.463776 0.009259 0.002041
0 0.675058 0.455867 0.028356 0.005612
0 0.731481 0.447704 0.042824 0.009694
0 0.759838 0.435714 0.063657 0.014286
0 0.337674 0.431378 0.038773 0.009184
0 0.285590 0.426786 0.064236 0.011224
0 0.635995 0.423980 0.054398 0.011224
0 0.615741 0.439286 0.127315 0.044388
0 0.216146 0.419388 0.043403 0.012245
0 0.380498 0.396429 0.042245 0.007143
0 0.732350 0.390434 0.008681 0.003316
0 0.304398 0.385714 0.009259 0.004082
0 0.293403 0.411735 0.315972 0.060204
0 0.378762 0.380867 0.068866 0.016837
0 0.380498 0.372704 0.035301 0.007143
0 0.313947 0.347959 0.039931 0.005612