0 0.828704 0.792559 0.035880 0.003747
0 0.596933 0.637491 0.021412 0.007316
0 0.722801 0.634368 0.026620 0.010350
0 0.654803 0.632227 0.022569 0.009279
0 0.779803 0.594486 0.014468 0.009814
0 0.627025 0.591006 0.059606 0.009636
0 0.650463 0.578515 0.062500 0.008565
0 0.696759 0.572181 0.009259 0.003034
0 0.681134 0.561028 0.016204 0.004640
0 0.625000 0.567541 0.103009 0.018023
0 0.693287 0.562455 0.028935 0.015346
0 0.286169 0.544789 0.026042 0.012848
0 0.384259 0.528729 0.020833 0.014989
0 0.352141 0.524358 0.026042 0.010171
0 0.594039 0.519807 0.010995 0.008922
0 0.631366 0.507405 0.034722 0.006246
0 0.688368 0.506513 0.006366 0.005532
0 0.740741 0.503034 0.020833 0.006424
0 0.717882 0.482423 0.014468 0.001249
0 0.695023 0.473501 0.021991 0.004104
0 0.725116 0.462705 0.009259 0.003212
0 0.767072 0.457441 0.027199 0.006602
0 0.416377 0.438169 0.028356 0.003034
0 0.853299 0.538098 0.293403 0.233583
0 0.669271 0.419700 0.004051 0.006067