0 0.343750 0.628081 0.012731 0.002858
0 0.325810 0.620579 0.006944 0.005002
0 0.300926 0.601554 0.008102 0.001250
0 0.302373 0.596552 0.006366 0.001965
0 0.306134 0.596820 0.047454 0.006788
0 0.918692 0.591640 0.048032 0.001786
0 0.644387 0.578153 0.063079 0.005538
0 0.706308 0.566274 0.014468 0.010004
0 0.686921 0.555556 0.009259 0.004287
0 0.296586 0.556181 0.010995 0.007324
0 0.623553 0.549125 0.064236 0.003215
0 0.589410 0.546534 0.006366 0.007324
0 0.698785 0.544927 0.015625 0.006252
0 0.668692 0.538853 0.019097 0.001608
0 0.753762 0.525991 0.006366 0.005895
0 0.704572 0.525545 0.004051 0.008217
0 0.578125 0.524473 0.031250 0.008574
0 0.581597 0.518399 0.010417 0.007860
0 0.638310 0.523491 0.042824 0.020543
0 0.757812 0.511701 0.022569 0.002322
0 0.720486 0.511433 0.013889 0.002144
0 0.799479 0.501340 0.010995 0.010897
0 0.790799 0.487853 0.021412 0.005002
0 0.828993 0.487317 0.026042 0.005716
0 0.938657 0.478117 0.028935 0.009110
0 0.701389 0.458914 0.025463 0.005359
0 0.646123 0.459896 0.094329 0.013755
0 0.747396 0.456502 0.102431 0.009468
0 0.649016 0.451322 0.006366 0.002322
0 0.625868 0.450875 0.006366 0.001429
0 0.665220 0.451143 0.005208 0.002680
0 0.689815 0.447392 0.012731 0.003037
0 0.296875 0.449000 0.012731 0.016970
0 0.291088 0.438371 0.057870 0.008217
0 0.653067 0.439979 0.043403 0.019650
0 0.706019 0.431851 0.033565 0.007681
0 0.764178 0.431315 0.017940 0.009110
0 0.700810 0.420329 0.011574 0.004287
0 0.728877 0.416041 0.042245 0.004645
0 0.320602 0.414166 0.009259 0.004823
0 0.655382 0.412290 0.021412 0.002858
0 0.605903 0.410504 0.035880 0.003215
0 0.340856 0.409879 0.010417 0.004823
0 0.690394 0.407914 0.032407 0.004109
0 0.329572 0.406663 0.010995 0.009468
0 0.357928 0.402019 0.008681 0.001250
0 0.607639 0.397999 0.047454 0.006788
0 0.663194 0.384066 0.027778 0.010004
0 0.604167 0.382637 0.013889 0.011075
0 0.648148 0.364684 0.032407 0.001965
0 0.380208 0.490890 0.208333 0.258664
0 0.392940 0.223205 0.031250 0.005538