0 0.578704 0.483655 0.107639 0.078778
0 0.238426 0.485531 0.469907 0.084673
0 0.292245 0.421758 0.039352 0.011790
0 0.076968 0.423901 0.008102 0.017149
0 0.385706 0.424169 0.015625 0.029475
0 0.345197 0.403805 0.009838 0.010182
0 0.420718 0.407020 0.037037 0.019829
0 0.057870 0.404073 0.013889 0.019293
0 0.371528 0.395498 0.025463 0.015005
0 0.257523 0.381029 0.018519 0.015005
0 0.450231 0.369239 0.006944 0.012862
0 0.311921 0.338692 0.031250 0.042872
0 0.447049 0.283762 0.013310 0.016613
0 0.313368 0.262058 0.041088 0.010718