0 0.304109 0.746077 0.015625 0.015167
0 0.612558 0.695084 0.031829 0.024059
0 0.426215 0.680178 0.028356 0.038180
0 0.580440 0.668410 0.010417 0.019874
0 0.280382 0.662395 0.006366 0.012029
0 0.604745 0.660303 0.015046 0.010983
0 0.796586 0.669456 0.022569 0.032427
0 0.567708 0.650366 0.017361 0.010983
0 0.375868 0.631799 0.007523 0.016736
0 0.320312 0.625262 0.029514 0.015167
0 0.700810 0.606695 0.004630 0.015690
0 0.348958 0.608525 0.015046 0.022490
0 0.691262 0.607218 0.006366 0.033473
0 0.716435 0.611925 0.049769 0.051255
0 0.916956 0.601987 0.009838 0.042887
0 0.671586 0.598588 0.036458 0.040272
0 0.671586 0.575575 0.015625 0.013075
0 0.632234 0.569299 0.020255 0.014121
0 0.423322 0.569561 0.022569 0.021967
0 0.842882 0.529289 0.022569 0.051255
0 0.310475 0.536611 0.345486 0.131799
0 0.679109 0.487971 0.318866 0.101464
0 0.656539 0.436454 0.066551 0.020397