0 0.023438 0.799738 0.046875 0.027822
0 0.415799 0.639895 0.008681 0.031496
0 0.384549 0.629396 0.006366 0.020997
0 0.173322 0.631759 0.090856 0.060367
0 0.403356 0.604724 0.025463 0.029396
0 0.144676 0.597638 0.021991 0.016273
0 0.108507 0.594751 0.027199 0.027297
0 0.376157 0.571654 0.030093 0.023097
0 0.422743 0.559318 0.010995 0.013123
0 0.319155 0.553281 0.026042 0.037795
0 0.359375 0.533858 0.003472 0.008399
0 0.317708 0.533071 0.006944 0.017323
0 0.345486 0.517060 0.023148 0.029396
0 0.364005 0.512598 0.015046 0.022572
0 0.406539 0.489501 0.020255 0.014173
0 0.180266 0.507612 0.359375 0.099738
0 0.132234 0.452231 0.088542 0.026772